0.0 7000 13.1 200
0.004 7000.0 13.0999986 200
0.008 7000.0 13.0999972 200
0.012 7000.0 13.0999958 200
0.016 7000.0 13.0999944 200
0.02 7000.0 13.099993 200
0.024 7000.0 13.0999916 200
0.028 7000.0 13.0999902 200
0.032 7000.0 13.0999888 200
0.036 7000.0 13.0999874 200
0.04 7000.0 13.099986 200
0.044 7000.0 13.0999846 200
0.048 7000.0 13.0999832 200
0.052 7000.0 13.0999818 200
0.056 7000.0 13.0999804 200
0.06 7000.0 13.099979 200
0.064 7000.0 13.0999776 200
0.068 7000.0 13.0999762 200
0.072 7000.0 13.0999748 200
0.076 7000.0 13.0999734 200
0.08 7000.0 13.099972 200
0.084 7000.0 13.0999706 200
0.088 7000.0 13.0999692 200
0.092 7000.0 13.0999678 200
0.096 7000.0 13.0999664 200
0.1 7000.0 13.099965 200
0.104 7000.0 13.0999636 200
0.108 7000.0 13.0999622 200
0.112 7000.0 13.0999608 200
0.116 7000.0 13.0999594 200
0.12 7000.0 13.099958 200
0.124 7000.0 13.0999566 200
0.128 7000.0 13.0999552 200
0.132 7000.0 13.0999538 200
0.136 7000.0 13.0999524 200
0.14 7000.0 13.099951 200
0.144 7000.0 13.0999496 200
0.148 7000.0 13.0999482 200
0.152 7000.0 13.0999468 200
0.156 7000.0 13.0999454 200
0.16 7000.0 13.099944 200
0.164 7000.0 13.0999426 200
0.168 7000.0 13.0999412 200
0.172 7000.0 13.0999398 200
0.176 7000.0 13.0999384 200
0.18 7000.0 13.099937 200
0.184 7000.0 13.0999356 200
0.188 7000.0 13.0999342 200
0.192 7000.0 12.199808 9.999994
0.196 7000.0 12.199804 9.99997
0.2 7000.0 12.1998 9.999946
0.204 7000.0 12.199796 9.999922
0.208 7000.0 12.199792 9.999898
0.212 7000.0 12.199788 9.999874
0.216 7000.0 12.199784 9.99985
0.22 7000.0 12.19978 9.999826
0.224 7000.0 12.199776 9.999802
0.228 7000.0 12.199772 9.999778
0.232 7000.0 12.199768 9.999754
0.236 7000.0 12.199764 9.99973
0.24 7000.0 12.19976 9.999706
0.244 7000.0 12.199756 9.999682
0.248 7000.0 12.199752 9.999658
0.252 7000.0 12.199748 9.999634
0.256 7000.0 12.199744 9.99961
0.26 7000.0 12.19974 9.999586
0.264 7000.0 12.199736 9.999562
0.268 7000.0 12.199732 9.999538
0.272 7000.0 12.199728 9.999514
0.276 7000.0 12.199724 9.99949
0.28 7000.0 12.19972 9.999466
0.284 7000.0 12.199716 9.999442
0.288 7000.0 12.199712 9.999418
0.292 7000.0 12.199708 9.999394
0.296 7000.0 12.199704 9.99937
0.3 7000.0 12.1997 9.999346
0.304 7000.0 12.199696 9.999322
0.308 7000.0 12.199692 9.999298
0.312 7000.0 12.199688 9.999274
0.316 7000.0 12.199684 9.99925
0.32 7000.0 12.19968 9.999226
0.324 7000.0 12.199676 9.999202
0.328 7000.0 12.199672 9.999178
0.332 7000.0 12.199668 9.999154
0.336 7000.0 12.199664 9.99913
0.34 7000.0 12.19966 9.999106
0.344 7000.0 12.199656 9.999082
0.348 7000.0 12.199652 9.999058
0.352 7000.0 12.199648 9.999034
0.356 7000.0 12.199644 9.99901
0.36 7000.0 12.19964 9.998986
0.364 7000.0 12.199636 9.998962
0.368 7000.0 12.199632 9.998938
0.372 7000.0 12.199628 9.998914
0.376 7000.0 12.199624 9.99889
0.38 7000.0 12.19962 9.998866
0.384 7000.0 12.199616 9.998842
0.388 7000.0 12.199612 9.998818
0.392 7000.0 12.199608 9.998794
0.396 7000.0 12.199604 9.99877
0.4 7000.0 12.1996 9.998746
0.404 7000.0 12.199596 9.998722
0.408 7000.0 12.199592 9.998698
0.412 7000.0 12.199588 9.998674
0.416 7000.0 12.199584 9.99865
0.42 7000.0 12.19958 9.998626
0.424 7000.0 12.199576 9.998602
0.428 7000.0 12.199572 9.998578
0.432 7000.0 12.199568 9.998554
0.436 7000.0 12.199564 9.99853
0.44 7000.0 12.19956 9.998506
0.444 7000.0 12.199556 9.998482
0.448 7000.0 12.199552 9.998458
0.452 7000.0 12.199548 9.998434
0.456 7000.0 12.199544 9.99841
0.46 7000.0 12.19954 9.998386
0.464 7000.0 12.199536 9.998362
0.468 7000.0 12.199532 9.998338
0.472 7000.0 12.199528 9.998314
0.476 7000.0 12.199524 9.99829
0.48 7000.0 12.19952 9.998266
0.484 7000.0 12.199516 9.998242
0.488 7000.0 12.199512 9.998218
0.492 7000.0 12.199508 9.998194
0.496 7000.0 12.199504 9.99817
0.5 7000.0 12.1995 9.998146
0.504 7000.0 12.199496 9.998122
0.508 7000.0 12.199492 9.998098
0.512 7000.0 12.199488 9.998074
0.516 7000.0 12.199484 9.99805
0.52 7000.0 12.19948 9.998026
0.524 7000.0 12.199476 9.998002
0.528 7000.0 12.199472 9.997978
0.532 7000.0 12.199468 9.997954
0.536 7000.0 12.199464 9.99793
0.54 7000.0 12.19946 9.997906
0.544 7000.0 5.5997008 5
0.548 7000.0 5.5996986 5
0.552 7000.0 5.5996964 5
0.556 7000.0 5.5996942 5
0.56 7000.0 5.599692 5
0.564 7000.0 5.5996898 5
0.568 7000.0 5.5996876 5
0.572 7000.0 5.5996854 5
0.576 7000.0 5.5996832 5
0.58 7000.0 5.599681 5
0.584 7000.0 5.5996788 5
0.588 7000.0 5.5996766 5
0.592 7000.0 5.5996744 5
0.596 7000.0 5.5996722 5
0.6 7000.0 5.59967 5
0.604 7000.0 5.5996678 5
0.608 7000.0 5.5996656 5
0.612 7000.0 5.5996634 5
0.616 7000.0 5.5996612 5
0.62 7000.0 5.599659 5
0.624 7000.0 5.5996568 5
0.628 7000.0 5.5996546 5
0.632 7000.0 5.5996524 5
0.636 7000.0 5.5996502 5
0.64 7000.0 5.599648 5
0.644 7000.0 5.5996458 5
0.648 7000.0 5.5996436 5
0.652 7000.0 5.5996414 5
0.656 7000.0 5.5996392 5
0.66 7000.0 5.599637 5
0.664 7000.0 5.5996348 5
0.668 7000.0 5.5996326 5
0.672 7000.0 5.5996304 5
0.676 7000.0 5.5996282 5
0.68 7000.0 5.599626 5
0.684 7000.0 5.5996238 5
0.688 7000.0 5.5996216 5
0.692 7000.0 5.5996194 5
0.696 7000.0 5.5996172 5
0.7 7000.0 5.599615 5
0.704 7000.0 5.5996128 5
0.708 7000.0 5.5996106 5
0.712 7000.0 5.5996084 5
0.716 7000.0 5.5996062 5
0.72 7000.0 5.599604 5
0.724 7000.0 5.5996018 5
0.728 7000.0 5.5995996 5
0.732 7000.0 5.5995974 5
0.736 7000.0 5.5995952 5
0.74 7000.0 5.599593 5
0.744 7000.0 5.5995908 5
0.748 7000.0 5.5995886 5
0.752 7000.0 5.5995864 5
0.756 7000.0 5.5995842 5
0.76 7000.0 5.599582 5
0.764 7000.0 5.5995798 5
0.768 7000.0 5.5995776 5
0.772 7000.0 5.5995754 5
0.776 7000.0 5.5995732 5
0.78 7000.0 5.599571 5
0.784 7000.0 5.5995688 5
0.788 7000.0 5.5995666 5
0.792 7000.0 5.5995644 5
0.796 7000.0 5.5995622 5
0.8 7000.0 5.59956 5
0.804 7000.0 5.5995578 5
0.808 7000.0 5.5995556 5
0.812 7000.0 5.5995534 5
0.816 7000.0 5.5995512 5
0.82 7000.0 5.599549 5
0.824 7000.0 5.5995468 5
0.828 7000.0 5.5995446 5
0.832 7000.0 5.5995424 5
0.836 7000.0 5.5995402 5
0.84 7000.0 5.599538 5
0.844 7000.0 5.5995358 5
0.848 7000.0 5.5995336 5
0.852 7000.0 5.5995314 5
0.856 7000.0 5.5995292 5
0.86 7000.0 5.599527 5
0.864 7000.0 5.5995248 5
0.868 7000.0 5.5995226 5
0.872 7000.0 5.5995204 5
0.876 7000.0 5.5995182 5
0.88 7000.0 5.599516 5
0.884 7000.0 4.3988508 5
0.888 7000.0 4.3988456 5
0.892 7000.0 4.3988404 5
0.896 7000.0 4.3988352 5
0.9 7000.0 4.39883 5
0.904 7000.0 4.3988248 5
0.908 7000.0 4.3988196 5
0.912 7000.0 4.3988144 5
0.916 7000.0 4.3988092 5
0.92 7000.0 4.398804 5
0.924 7000.0 4.3987988 5
0.928 7000.0 4.3987936 5
0.932 7000.0 4.3987884 5
0.936 7000.0 4.3987832 5
0.94 7000.0 4.398778 5
0.944 7000.0 4.3987728 5
0.948 7000.0 4.3987676 5
0.952 6992.87744162 4.3987624 5
0.956 6956.95408519 4.3987572 5
0.96 6855.60004179 4.398752 5
0.964 6644.51142044 4.3987468 5
0.968 6282.86343977 4.3987416 5
0.972 5743.83870654 4.3987364 5
0.976 5021.33955921 4.3987312 5
0.98 4131.5655894 4.398726 5
0.984 3109.82887863 4.3987208 5
0.988 2004.1208573 4.3987156 5
0.992 867.395158431 4.3987104 5
0.996 0 2.877092 6.5
