0 7000 7000 7000 0 0
1 7000.0 7000.0 7000.0 1508.69988673 0
2 7000.0 7000.0 7000.0 1456.27085968 0
3 7000.0 7000.0 7000.0 1336.71316709 0
4 7000.0 7000.0 7000.0 1230.0403618 0
5 7000.0 7000.0 7000.0 1141.37794773 0
6 7000.0 7000.0 7000.0 1067.72667269 0
7 7000.0 7000.0 7000.0 1005.78868201 0
8 7000.0 7000.0 7000.0 952.963255509 0
9 7000.0 7000.0 7000.0 907.31185832 0
10 7000.0 7000.0 7000.0 867.395158431 0
11 7000.0 7000.0 7000.0 832.132874763 0
12 7000.0 7000.0 7000.0 800.701974691 0
13 7000.0 7000.0 7000.0 772.465547999 0
14 7000.0 7000.0 7000.0 746.923281249 0
15 7000.0 7000.0 7000.0 723.676661516 0
16 7000.0 7000.0 7000.0 702.404197255 0
17 7000.0 7000.0 7000.0 682.843508884 0
18 7000.0 7000.0 7000.0 664.778190926 0
19 7000.0 7000.0 7000.0 648.028035821 0
20 7000.0 7000.0 7000.0 632.441660603 0
21 7000.0 7000.0 7000.0 617.890875417 0
22 7000.0 7000.0 7000.0 604.266331747 0
23 7000.0 7000.0 7000.0 591.474122829 0
24 7000.0 7000.0 7000.0 579.433100987 0
25 7000.0 7000.0 7000.0 568.072740801 0
26 7000.0 7000.0 7000.0 557.331422176 0
27 7000.0 7000.0 7000.0 547.155039589 0
28 7000.0 7000.0 6999.99997061 537.495866989 0
29 7000.0 7000.0 6999.99977123 528.311624833 0
30 7000.0 7000.0 6999.99901819 519.564708155 0
31 7000.0 7000.0 6999.99692505 511.221543934 0
32 7000.0 7000.0 6999.99214335 503.252052983 0
33 7000.0 7000.0 6999.98262824 495.629196898 0
34 7000.0 7000.0 6999.9655449 488.328594645 0
35 7000.0 7000.0 6999.93722239 481.328196521 0
36 7000.0 7000.0 6999.89315462 474.608005625 0
37 7000.0 7000.0 6999.82804273 468.149838869 0
38 7000.0 7000.0 6999.73587086 461.937121104 0
39 7000.0 7000.0 6999.61000618 455.954707046 0
40 7000.0 7000.0 6999.44331436 450.1887267 0
41 7000.0 7000.0 6999.22828258 444.626450709 0
42 7000.0 7000.0 6998.95714371 439.256172645 0
43 7000.0 7000.0 6998.62199645 434.067105815 0
44 7000.0 7000.0 6998.21491775 429.04929248 0
45 7000.0 7000.0 6997.7280651 424.193523794 0
46 7000.0 7000.0 6997.153767 419.491268977 0
47 7000.0 7000.0 6996.48460109 414.9346125 0
48 7000.0 7000.0 6995.71345976 410.516198237 0
49 7000.0 7000.0 6994.83360367 406.229179681 0
50 7000.0 7000.0 6993.83870389 402.067175466 0
51 7000.0 7000.0 6992.72287354 398.024229541 0
52 7000.0 7000.0 6991.48069003 394.094775432 0
53 7000.0 7000.0 6990.10720881 390.273604101 0
54 7000.0 7000.0 6988.59796991 386.555834988 0
55 7000.0 7000.0 6986.94899816 382.936889865 0
56 7000.0 7000.0 6985.15679811 379.412469194 0
57 7000.0 7000.0 6983.21834457 375.978530697 0
58 7000.0 7000.0 6981.13106953 372.631269911 0
59 7000.0 7000.0 6978.89284629 369.367102504 0
60 7000.0 7000.0 6976.50197127 366.182648174 0
61 7000.0 7000.0 6973.95714434 363.074715967 0
62 7000.0 7000.0 6971.25744783 360.040290854 0
63 7000.0 7000.0 6968.40232494 357.076521468 0
64 7000.0 7000.0 6965.39155766 354.180708856 0
65 7000.0 7000.0 6962.22524471 351.350296167 0
66 7000.0 7000.0 6958.9037795 348.582859182 0
67 7000.0 7000.0 6955.4278286 345.876097597 0
68 7000.0 7000.0 6951.79831062 343.227827004 0
69 7000.0 7000.0 6948.01637578 340.635971488 0
70 7000.0 7000.0 6944.08338614 338.098556803 0
71 7000.0 7000.0 6940.0008968 335.613704058 0
72 7000.0 7000.0 6935.77063776 333.179623879 0
73 7000.0 7000.0 6931.39449684 330.794611001 0
74 7000.0 7000.0 6926.87450335 328.457039254 0
75 7000.0 7000.0 6922.21281285 326.165356908 0
76 7000.0 7000.0 6917.41169261 323.918082352 0
77 7000.0 7000.0 6912.47350817 321.713800072 0
78 7000.0 7000.0 6907.40071056 319.551156909 0
79 7000.0 7000.0 6902.19582456 317.428858571 0
80 7000.0 7000.0 6896.86143763 315.345666386 0
81 7000.0 7000.0 6891.40018971 313.30039426 0
82 7000.0 7000.0 6885.81476371 311.29190585 0
83 7000.0 7000.0 6880.1078768 309.319111907 0
84 7000.0 7000.0 6874.28227225 307.380967803 0
85 7000.0 7000.0 6868.34071207 305.476471202 0
86 7000.0 7000.0 6862.2859701 303.604659889 0
87 7000.0 7000.0 6856.12082581 301.764609728 0
88 7000.0 7000.0 6849.84805856 299.955432747 0
89 7000.0 7000.0 6843.47044238 298.176275335 0
90 7000.0 7000.0 6836.99074121 296.426316557 0
91 7000.0 7000.0 6830.41170467 294.704766562 0
92 7000.0 7000